1,82,Games,10.224899,7.342975,2,360,200,363.888889,29.925926,0,61.925926,2,1055.732,'1920x1200',55,22,women,3
2,83,Games,12.853567,8.065627,3,360,800,452.777778,29.962963,0,63.407407,3,2196.701,'1920x1200',60,20,men,4
3,73,Movies,6.422284,5.874106,0,360,200,1412,0,1,0,4,1197.139,'1920x1200',50,26,women,1
4,22,Sports,18.991296,9.298579,3,720,400,2217.666667,26.37037,12.333333,39.296296,12.222222,823.512,'1920x1200',11,26,men,2
5,52,Cartoons,7.801983,6.488763,1,720,400,3108.333333,29.888889,0,43.518519,1,1676.742,'1920x1200',33,26,women,5
6,31,Documentary,5.395673,5.323968,0,360,200,766,0,0,0,3,1152.22,'1920x1200',18,25,men,1
7,22,Sports,18.991296,9.298579,3,720,400,1830.777778,29.814815,0,43.62963,1,2045.306,'1920x1200',11,26,men,3
8,81,Games,12.242662,7.911825,2,360,200,926.666667,31.222222,1,63.555556,3,1967.719,'1366x768',53,26,women,3
9,32,Documentary,12.654186,8.016249,3,480,800,852.444444,29.925926,0,52,3,1844.696,'1366x768',20,22,men,4
10,63,Lessons,2.1826,2.465266,0,480,400,1545,0,0,0,3,759.317,'1366x768',42,28,men,1
11,72,Movies,8.762863,6.855607,1,360,200,476,0,0,0,3,665.723,'1366x768',45,26,women,1
12,13,News,5.411191,5.333039,0,480,400,1135.888889,29.888889,0,55.740741,3,1082.186,'1366x768',4,21,women,4
13,42,Music,0.854643,-0.496113,0,720,1000,3350.222222,30.481481,0,44.037037,1,1501.158,'1920x1200',28,21,men,5
14,43,Music,8.638524,6.810469,1,360,200,700.888889,29.740741,0,52.814815,2,1649.248,'1920x1200',29,29,men,5
15,21,Sports,17.373651,9.01739,3,1080,1000,3144.666667,29.814815,0,43.296296,2,1898.981,'1920x1200',8,24,men,5
16,82,Games,10.224899,7.342975,2,360,200,446.888889,29.592593,0,61.555556,3,2215.695,'1920x1200',56,26,men,4
17,52,Cartoons,7.801983,6.488763,1,720,1000,1353.777778,29.740741,0,43.62963,1,1360.102,'1920x1200',33,26,women,4
19,61,Lessons,0.554102,-1.864802,0,720,1000,1762.222222,29.814815,0,43.296296,1,1509.289,'1920x1200',37,31,women,5
20,73,Movies,6.422284,5.874106,0,360,200,1381,0,0,0,3,1075.226,'1920x1200',50,26,women,1
21,13,News,5.411191,5.333039,0,240,800,364.555556,29.962963,0,38.333333,2,1145.913,'1920x1200',5,30,men,2
22,52,Cartoons,7.801983,6.488763,1,1080,400,2820.777778,30.074074,0,43.925926,1,720.411,'1920x1200',33,26,women,3
23,53,Cartoons,9.197309,7.008442,2,720,400,2687.888889,29.703704,0,43.814815,1,775.245,'1920x1200',35,22,men,4
24,63,Lessons,2.1826,2.465266,0,144,400,75,10,0,21.518519,0,1048.711,'1366x768',42,28,men,2
25,13,News,5.411191,5.333039,0,240,200,421.222222,30,0,38.333333,2,1059.444,'1920x1200',5,30,men,2
26,31,Documentary,5.395673,5.323968,0,240,200,500.333333,30,0,38.296296,2,2359.543,'1920x1200',18,25,men,3
27,51,Cartoons,5.227554,5.223989,0,1080,1000,2932.666667,30.074074,0,44.037037,1,1488.966,'1366x768',31,25,men,5
28,82,Games,10.224899,7.342975,2,360,200,1303,0,0,0,3,1084.017,'1920x1200',56,26,men,1
29,42,Music,0.854643,-0.496113,0,1080,1000,1841.777778,29.703704,1,43.814815,1,636.964,'1920x1200',28,21,men,5
30,12,News,4.738729,4.913904,0,240,200,306.666667,30,0,38.333333,2,1709.972,'1366x768',2,21,men,2
31,73,Movies,6.422284,5.874106,0,360,200,444.777778,30.925926,0,62.962963,2,1648.615,'1920x1200',50,26,women,4
32,53,Cartoons,9.197309,7.008442,2,1080,1000,1905.444444,29.740741,1,43.962963,7,2783.17,'1920x1200',35,22,men,3
33,82,Games,10.224899,7.342975,2,360,200,790.555556,31.074074,0,44.962963,3,1695.074,'1920x1200',56,26,men,3
34,22,Sports,18.991296,9.298579,3,360,800,204,29.888889,0,69.185185,2,2498.275,'1920x1200',11,26,men,3
35,73,Movies,6.422284,5.874106,0,360,200,851,30.518519,0,64.62963,3,3558.904,'1920x1200',51,25,men,3
36,51,Cartoons,5.227554,5.223989,0,240,200,186.333333,30,0,38.333333,4,1068.687,'1366x768',31,25,men,2
37,23,Sports,9.884659,7.236085,2,1080,1000,2846.888889,29.925926,2,43.888889,6,1873.029,'1920x1200',14,24,men,3
38,81,Games,12.242662,7.911825,2,360,200,1105.333333,30.444444,0,49.222222,3,1944.497,'1366x768',53,26,women,2
39,13,News,5.411191,5.333039,0,240,200,364.111111,30,0,38.333333,2,501.396,'1920x1200',5,30,men,2
41,81,Games,12.242662,7.911825,2,360,200,450,29.518519,0,61.555556,3,2196.213,'1366x768',53,26,women,4
42,72,Movies,8.762863,6.855607,1,144,100,87.111111,1.074074,21.888889,21.925926,0,2709.572,'1366x768',45,26,women,1
43,82,Games,10.224899,7.342975,2,360,400,806.888889,29.814815,0,53.666667,2,767.627,'1920x1200',56,26,men,4
44,53,Cartoons,9.197309,7.008442,2,1080,1000,3108.333333,29.851852,0,43.555556,1,1615.395,'1920x1200',35,22,men,5
45,23,Sports,9.884659,7.236085,2,1080,1000,2744.666667,29.740741,0,43.777778,2,1873.946,'1920x1200',15,30,women,5
46,83,Games,12.853567,8.065627,3,360,800,902.555556,29.740741,0,57.333333,2,2834.217,'1920x1200',60,20,men,5
47,13,News,5.411191,5.333039,0,360,400,744.666667,29.925926,0,65.62963,2,1101.961,'1920x1200',5,30,men,4
48,43,Music,8.638524,6.810469,1,1080,2000,1590.666667,30.259259,0,44.037037,1,1365.792,'1920x1200',29,29,men,5
49,33,Documentary,9.539713,7.123893,2,720,400,3824.666667,29.740741,0,43.777778,1,718.762,'1920x1200',23,26,women,5
50,72,Movies,8.762863,6.855607,1,1080,1000,1888.888889,20.666667,3.666667,30,7,962.772,'1366x768',45,26,women,2
51,61,Lessons,0.554102,-1.864802,0,720,400,424.333333,28.740741,0,42.037037,1,2321.19,'1920x1200',37,31,women,3
52,43,Music,8.638524,6.810469,1,480,400,770.333333,29.777778,0,58.407407,2,2709.757,'1920x1200',29,29,men,4
53,21,Sports,17.373651,9.01739,3,240,200,351.333333,30,0,38.333333,2,1539.965,'1920x1200',8,24,men,3
54,32,Documentary,12.654186,8.016249,3,480,1000,758.888889,29.925926,0,65.62963,2,1087.739,'1366x768',20,22,men,5
55,53,Cartoons,9.197309,7.008442,2,1080,1000,3093,29.814815,2,43.296296,2,1735.862,'1920x1200',35,22,men,2
56,81,Games,12.242662,7.911825,2,360,200,2730,0,0,0,3,659.714,'1366x768',53,26,women,1
57,62,Lessons,1.94143,2.095431,0,720,400,2086.888889,15.777778,18.444444,24.037037,13,1121.206,'1920x1200',38,38,men,2
58,33,Documentary,9.539713,7.123893,2,1080,1000,1869.555556,29.888889,0,43.518519,1,1795.355,'1920x1200',23,26,women,5
59,53,Cartoons,9.197309,7.008442,2,480,400,616.444444,30.814815,0,70.074074,2,1542.743,'1920x1200',35,22,men,3
60,12,News,4.738729,4.913904,0,360,1000,1005.333333,31.074074,0,83.074074,3,1497.37,'1366x768',2,21,men,3
61,22,Sports,18.991296,9.298579,3,720,400,1065.222222,29.851852,0,43.888889,2,1927.305,'1920x1200',11,26,men,4
62,41,Music,12.175866,7.894544,2,240,400,318.222222,30,0,38.333333,4,1044.682,'1366x768',26,36,men,2
63,82,Games,10.224899,7.342975,2,360,400,810.555556,29.518519,0,42.37037,3,2808.765,'1920x1200',57,24,men,3
64,73,Movies,6.422284,5.874106,0,360,200,803.111111,29.814815,0,53.62963,2,2588.182,'1920x1200',51,25,men,4
65,71,Movies,5.412067,5.33355,0,144,200,78.777778,10,1,21.888889,0,1907.431,'1366x768',43,26,men,3
66,83,Games,12.853567,8.065627,3,360,200,2687.666667,29.777778,0,43.703704,1,1189.86,'1920x1200',60,20,men,5
67,22,Sports,18.991296,9.298579,3,1080,1000,1597,29.555556,0.333333,43.555556,1,2369.357,'1920x1200',12,22,men,3
69,42,Music,0.854643,-0.496113,0,720,400,3283.222222,30.148148,0,44.037037,1,1467.713,'1920x1200',28,21,men,4
71,31,Documentary,5.395673,5.323968,0,240,200,345.111111,30,0,38.333333,2,1633.408,'1920x1200',18,25,men,2
72,13,News,5.411191,5.333039,0,144,200,90.555556,10,1,21.888889,0,540.586,'1920x1200',5,30,men,2
73,82,Games,10.224899,7.342975,2,360,200,310.111111,29.703704,0,59.333333,3,2335.293,'1920x1200',57,24,men,4
74,32,Documentary,12.654186,8.016249,3,240,200,409.333333,30.148148,0,38.481481,2,1276.981,'1366x768',20,22,men,2
75,12,News,4.738729,4.913904,0,1080,1000,3210.777778,29.777778,0,43.703704,1,716.29,'1366x768',2,21,men,5
76,13,News,5.411191,5.333039,0,240,400,304,30,0,38.333333,2,891.274,'1920x1200',5,30,men,3
77,42,Music,0.854643,-0.496113,0,360,200,2184,0,0,0,3,989.328,'1920x1200',28,21,men,1
78,33,Documentary,9.539713,7.123893,2,720,400,1766.222222,28.888889,0,41.888889,1,545.903,'1920x1200',23,26,women,5
79,31,Documentary,5.395673,5.323968,0,720,400,3123.444444,30.074074,0,44.037037,1,1639.781,'1920x1200',18,25,men,5
80,31,Documentary,5.395673,5.323968,0,480,400,538,0,1,0,4,694.916,'1920x1200',18,25,men,1
81,72,Movies,8.762863,6.855607,1,1080,1000,1822.888889,29.851852,0,43.555556,1,2022.031,'1366x768',46,25,men,4
83,33,Documentary,9.539713,7.123893,2,720,400,3099,30.259259,0,44.037037,1,1328.185,'1920x1200',24,24,men,4
84,22,Sports,18.991296,9.298579,3,360,200,2458.111111,5.444444,0,8.888889,2.666667,2442.856,'1920x1200',12,22,men,1
85,13,News,5.411191,5.333039,0,144,200,90.888889,10,1,21.666667,0,586.235,'1920x1200',6,26,men,1
87,73,Movies,6.422284,5.874106,0,360,200,318.111111,29.703704,0,59.333333,3,2558.23,'1920x1200',51,25,men,3
88,51,Cartoons,5.227554,5.223989,0,480,400,2329,0,0,0,3,1246.399,'1366x768',31,25,men,1
89,12,News,4.738729,4.913904,0,720,1000,2874.666667,29.962963,0,43.592593,1,447.03,'1366x768',2,21,men,5
90,71,Movies,5.412067,5.33355,0,360,200,813.555556,29.851852,0,63.481481,3,2952.699,'1366x768',43,26,men,5
91,12,News,4.738729,4.913904,0,360,400,443.333333,29.925926,0,61.925926,2,538.4,'1366x768',2,21,men,4
92,12,News,4.738729,4.913904,0,720,1000,1586,30.037037,0,43.185185,1,602.283,'1366x768',2,21,men,4
93,52,Cartoons,7.801983,6.488763,1,1080,400,2028.888889,30.074074,0,43.851852,1,2327.325,'1920x1200',33,26,women,4
94,52,Cartoons,7.801983,6.488763,1,144,400,76.444444,9.740741,0,21.481481,0,2087.748,'1920x1200',33,26,women,2
95,43,Music,8.638524,6.810469,1,720,400,2424.888889,29.518519,2,43.814815,3,1025.827,'1920x1200',29,29,men,5
96,11,News,5.209322,5.212954,0,1080,1000,2618,28.814815,5,42.111111,3,596.462,'1920x1200',1,25,men,3
97,63,Lessons,2.1826,2.465266,0,240,1000,303.111111,30,0,38.37037,2,564.253,'1366x768',42,28,men,2
98,62,Lessons,1.94143,2.095431,0,1080,2000,3092.888889,29.851852,1,43.592593,1,1693.849,'1920x1200',38,38,men,5
99,53,Cartoons,9.197309,7.008442,2,144,200,92.777778,10,1,21.666667,0,729.169,'1920x1200',35,22,men,2
100,22,Sports,18.991296,9.298579,3,720,400,1368,8.814815,17.111111,14.518519,11.333333,1306.417,'1920x1200',12,22,men,2
101,82,Games,10.224899,7.342975,2,360,800,367.222222,30.037037,0,59.592593,3,835.026,'1920x1200',57,24,men,4
102,83,Games,12.853567,8.065627,3,360,200,1385,0,0,0,3,1322.793,'1920x1200',60,20,men,1
103,82,Games,10.224899,7.342975,2,360,200,200.777778,29.814815,0,69.037037,2,881.225,'1920x1200',57,24,men,2
104,72,Movies,8.762863,6.855607,1,480,400,1000.888889,30.111111,0,55.518519,3,1547.453,'1366x768',46,25,men,4
105,21,Sports,17.373651,9.01739,3,720,400,2552.333333,29.740741,0,43.777778,1,1143.107,'1920x1200',8,24,men,4
107,32,Documentary,12.654186,8.016249,3,240,200,344,30.185185,0,38.518519,2,1713.21,'1366x768',20,22,men,1
108,51,Cartoons,5.227554,5.223989,0,480,400,619,29.888889,0,57.592593,2,2405.398,'1366x768',31,25,men,3
109,63,Lessons,2.1826,2.465266,0,480,400,450,0,0,0,2,1158.132,'1366x768',42,28,men,1
110,22,Sports,18.991296,9.298579,3,720,400,2479.444444,22.814815,0.888889,33.592593,1,718.122,'1920x1200',12,22,men,3
111,52,Cartoons,7.801983,6.488763,1,144,200,73.777778,10,1,21.407407,0,1454.093,'1920x1200',33,26,women,2
112,32,Documentary,12.654186,8.016249,3,144,100,99.666667,1.222222,18.222222,21.851852,0,714.555,'1366x768',20,22,men,1
114,11,News,5.209322,5.212954,0,480,1000,891.333333,29.851852,0,81.222222,3,1287.57,'1920x1200',1,25,men,3
115,72,Movies,8.762863,6.855607,1,144,100,86.777778,1.074074,20.888889,21.888889,0,665.388,'1366x768',46,25,men,2
116,53,Cartoons,9.197309,7.008442,2,480,400,809.666667,29.888889,0,65.777778,2,2844.71,'1920x1200',35,22,men,3
117,41,Music,12.175866,7.894544,2,240,400,411.777778,30.222222,0,38.592593,2,1218.745,'1366x768',26,36,men,2
118,33,Documentary,9.539713,7.123893,2,720,400,2404.666667,29.740741,0,43.777778,1,728.132,'1920x1200',24,24,men,5
119,41,Music,12.175866,7.894544,2,360,200,895.777778,29.851852,0,63.481481,3,778.734,'1366x768',26,36,men,4
120,62,Lessons,1.94143,2.095431,0,360,200,700.888889,31.148148,0,55.592593,2,1592.208,'1920x1200',38,38,men,5
121,62,Lessons,1.94143,2.095431,0,720,400,3021.666667,29.703704,0,43.814815,1,661.399,'1920x1200',39,20,men,4
122,71,Movies,5.412067,5.33355,0,480,400,751,29.740741,0,58,2,652.21,'1366x768',43,26,men,4
123,21,Sports,17.373651,9.01739,3,360,200,1735.666667,29.851852,0,43.555556,1,2053.344,'1920x1200',8,24,men,4
124,81,Games,12.242662,7.911825,2,360,200,453,0,0,0,3,822.037,'1366x768',53,26,women,1
125,51,Cartoons,5.227554,5.223989,0,720,400,3217.222222,30.259259,0,44.037037,1,1565.619,'1366x768',31,25,men,4
126,72,Movies,8.762863,6.855607,1,480,400,896.333333,29.851852,0,63.481481,3,738.163,'1366x768',46,25,men,5
127,82,Games,10.224899,7.342975,2,360,200,1015.555556,29.148148,0,42.37037,2,1288.56,'1920x1200',57,24,men,4
128,22,Sports,18.991296,9.298579,3,240,200,443.555556,30,0,38.296296,2,2332.291,'1920x1200',12,22,men,2
129,83,Games,12.853567,8.065627,3,360,200,1123,0,0,0,3,655.553,'1920x1200',60,20,men,1
130,32,Documentary,12.654186,8.016249,3,240,200,383.888889,30,0,38.296296,2,1723.477,'1366x768',20,22,men,2
131,72,Movies,8.762863,6.855607,1,144,100,108.444444,1.555556,18.666667,21.814815,0,1304.931,'1366x768',46,25,men,1
132,31,Documentary,5.395673,5.323968,0,720,400,1405.555556,11.185185,13.222222,16.444444,7,1290.911,'1920x1200',18,25,men,2
133,43,Music,8.638524,6.810469,1,480,400,889.222222,29.62963,0,44.962963,3,789.343,'1920x1200',29,29,men,3
134,83,Games,12.853567,8.065627,3,360,200,1010,0,0,0,3,644.928,'1920x1200',60,20,men,1
135,22,Sports,18.991296,9.298579,3,1080,1000,2391.444444,26.740741,5,39.592593,7,3487.352,'1920x1200',12,22,men,3
136,42,Music,0.854643,-0.496113,0,144,200,95.555556,10,1,21.666667,0,1832.803,'1920x1200',28,21,men,2
137,62,Lessons,1.94143,2.095431,0,1080,400,3043.222222,30.074074,0,43.925926,1,652.865,'1920x1200',39,20,men,3
138,63,Lessons,2.1826,2.465266,0,1080,1000,1938.444444,30.259259,0,44.037037,1,1544.56,'1366x768',42,28,men,4
139,42,Music,0.854643,-0.496113,0,240,200,299.777778,30,0,38.333333,2,2412.376,'1920x1200',28,21,men,2
140,21,Sports,17.373651,9.01739,3,144,100,92.888889,1.074074,20.888889,21.888889,0,2343.074,'1920x1200',9,25,men,2
141,32,Documentary,12.654186,8.016249,3,720,400,2994.888889,29.740741,0,43.777778,1,1170.235,'1366x768',20,22,men,5
142,71,Movies,5.412067,5.33355,0,480,800,876.444444,29.777778,0,53.222222,2,2006.618,'1366x768',43,26,men,5
143,83,Games,12.853567,8.065627,3,360,400,703.666667,29.777778,0,52.814815,2,3281.411,'1920x1200',60,20,men,4
144,83,Games,12.853567,8.065627,3,360,200,449.111111,29.592593,0,61.555556,3,2186.254,'1920x1200',60,20,men,5
146,53,Cartoons,9.197309,7.008442,2,720,400,1783.666667,29.703704,0,43.814815,1,1110.214,'1920x1200',35,22,men,5
147,23,Sports,9.884659,7.236085,2,240,200,2797.444444,27.444444,6,39.62963,10.888889,2262.193,'1920x1200',15,30,women,1
148,23,Sports,9.884659,7.236085,2,144,100,88.444444,1.444444,20.888889,21.814815,0,1088.653,'1920x1200',15,30,women,1
149,43,Music,8.638524,6.810469,1,720,400,3161.333333,28.555556,1,42.185185,3,1077.726,'1920x1200',29,29,men,5
151,73,Movies,6.422284,5.874106,0,360,200,895.777778,29.851852,0,63.481481,3,711.457,'1920x1200',51,25,men,4
153,72,Movies,8.762863,6.855607,1,720,400,1924.222222,25.740741,4.666667,37.62963,9,1794.07,'1366x768',46,25,men,1
154,21,Sports,17.373651,9.01739,3,720,400,3121.777778,30.074074,0,43.851852,2,1652.828,'1920x1200',9,25,men,3
155,51,Cartoons,5.227554,5.223989,0,720,400,2250.777778,29.703704,0,43.777778,3,1099.507,'1366x768',31,25,men,5
156,31,Documentary,5.395673,5.323968,0,360,200,2784,0,0,0,3,670.621,'1920x1200',19,27,women,1
158,21,Sports,17.373651,9.01739,3,1080,1000,1661.333333,29.851852,0,43.592593,1,2854.967,'1920x1200',9,25,men,4
159,53,Cartoons,9.197309,7.008442,2,240,200,456.333333,30,0,38.333333,2,1032.797,'1920x1200',36,24,women,2
160,81,Games,12.242662,7.911825,2,360,200,555,0,0,0,2,654.226,'1366x768',53,26,women,1
161,83,Games,12.853567,8.065627,3,360,400,978,29.518519,0,50.740741,3,1262.934,'1366x768',61,27,women,4
163,12,News,4.738729,4.913904,0,240,400,363.444444,30,0,38.333333,2,520.305,'1366x768',2,21,men,3
164,21,Sports,17.373651,9.01739,3,1080,1000,1724.888889,30.074074,2,44.037037,5,2993.381,'1920x1200',9,25,men,3
166,22,Sports,18.991296,9.298579,3,720,400,1242,10.740741,3.666667,17.703704,10.111111,3456.4223,'1920x1200',12,22,men,2
167,42,Music,0.854643,-0.496113,0,720,400,2347.444444,27.074074,14.555556,40.851852,2,2063.641,'1920x1200',28,21,men,3
168,73,Movies,6.422284,5.874106,0,360,200,273,0,0,0,2,605.939,'1920x1200',51,25,men,1
169,82,Games,10.224899,7.342975,2,360,800,888.222222,30.296296,0,44.481481,2,2222.182,'1920x1200',57,24,men,3
170,13,News,5.411191,5.333039,0,720,400,1755.555556,29.777778,0,43.666667,1,899.399,'1920x1200',6,26,men,4
171,62,Lessons,1.94143,2.095431,0,360,200,782.222222,29.740741,0,53.740741,2,1042.303,'1920x1200',39,20,men,4
172,82,Games,10.224899,7.342975,2,360,200,1152,0,0,0,3,773.254,'1920x1200',57,24,men,1
173,51,Cartoons,5.227554,5.223989,0,144,200,88.777778,10,1,21.407407,0,1319.5,'1366x768',31,25,men,2
174,41,Music,12.175866,7.894544,2,240,400,318.666667,30,0,38.37037,2,3066.02,'1366x768',26,36,men,3
175,83,Games,12.853567,8.065627,3,360,200,440.333333,29.925926,0,61.518519,2,2776.251,'1366x768',61,27,women,5
178,73,Movies,6.422284,5.874106,0,360,200,1416,0,0,0,3,968.466,'1920x1200',51,25,men,1
179,82,Games,10.224899,7.342975,2,360,200,778,29.481481,0,42.407407,3,1016.395,'1920x1200',57,24,men,4
181,51,Cartoons,5.227554,5.223989,0,480,400,1001.666667,29.814815,0,54.296296,3,6113.899,'1366x768',31,25,men,2
182,82,Games,10.224899,7.342975,2,360,200,392,0,1,0,3,509.958,'1920x1200',58,28,women,1
184,82,Games,10.224899,7.342975,2,360,200,566,0,0,0,2,785.528,'1920x1200',58,28,women,1
185,22,Sports,18.991296,9.298579,3,720,400,1163.888889,9.296296,9.222222,15.814815,11.333333,5412.4112,'1920x1200',13,26,men,2
187,72,Movies,8.762863,6.855607,1,720,400,3654.666667,29.777778,0,43.703704,1,2225.68,'1920x1200',47,22,women,4
188,81,Games,12.242662,7.911825,2,360,400,783.333333,29.481481,0,42.407407,3,1041.158,'1366x768',53,26,women,3
189,82,Games,10.224899,7.342975,2,360,400,812,29.518519,0,0,0,2806.013,'1920x1200',58,28,women,1
190,41,Music,12.175866,7.894544,2,360,400,810,30.777778,0,47,3,1892.95,'1366x768',26,36,men,3
191,62,Lessons,1.94143,2.095431,0,240,200,365.555556,30.148148,0,38.481481,2,1301.727,'1920x1200',39,20,men,3
192,31,Documentary,5.395673,5.323968,0,360,200,1409,0,0,0,2,1009.194,'1920x1200',19,27,women,1
193,42,Music,0.854643,-0.496113,0,360,200,2535.333333,27.148148,3.555556,40.592593,10,3135.661,'1920x1200',28,21,men,2
194,62,Lessons,1.94143,2.095431,0,720,400,1712.111111,29.777778,0,43.703704,1,2689.481,'1920x1200',39,20,men,3
195,83,Games,12.853567,8.065627,3,360,800,1381,0,0,0,3,630.668,'1366x768',61,27,women,1
196,13,News,5.411191,5.333039,0,720,400,2487.444444,28.666667,0,42.259259,1,1252.192,'1920x1200',6,26,men,4
197,73,Movies,6.422284,5.874106,0,360,400,1276,0,0,0,3,1121.814,'1920x1200',51,25,men,1
198,41,Music,12.175866,7.894544,2,1080,1000,2899,29.851852,1,43.555556,1,1335.39,'1366x768',26,36,men,5
199,33,Documentary,9.539713,7.123893,2,480,800,832.777778,29.888889,0,63.666667,3,2873.703,'1920x1200',24,24,men,4
200,13,News,5.411191,5.333039,0,144,200,96.111111,10,1,21.666667,0,1369.644,'1920x1200',6,26,men,1
201,83,Games,12.853567,8.065627,3,360,200,770.333333,29.777778,0,58.407407,2,1005.021,'1366x768',61,27,women,4
202,53,Cartoons,9.197309,7.008442,2,1080,2000,1579.111111,29.777778,0,43.703704,1,632.065,'1920x1200',36,24,women,5
203,11,News,5.209322,5.212954,0,360,1000,700.888889,31.111111,0,55.592593,2,559.115,'1920x1200',1,25,men,3
204,42,Music,0.854643,-0.496113,0,1080,400,1754.888889,15.888889,15.777778,24.037037,8.888889,1105.843,'1920x1200',29,29,men,1
205,72,Movies,8.762863,6.855607,1,144,100,89.666667,0.740741,21.555556,21.555556,0,1983.702,'1920x1200',47,22,women,1
206,53,Cartoons,9.197309,7.008442,2,1080,1000,2920,29.740741,0,43.777778,1,588.505,'1920x1200',36,24,women,5
207,81,Games,12.242662,7.911825,2,360,200,1207,0,0,0,3,658.529,'1366x768',53,26,women,1
208,81,Games,12.242662,7.911825,2,360,200,1031.555556,29.148148,0,42.37037,2,1166.571,'1366x768',53,26,women,4
209,33,Documentary,9.539713,7.123893,2,480,400,1093,0,0,0,3,687.59,'1920x1200',24,24,men,1
210,73,Movies,6.422284,5.874106,0,360,200,778.888889,29.222222,0,42,3,1140.61,'1920x1200',51,25,men,4
211,21,Sports,17.373651,9.01739,3,480,400,302.777778,31.074074,0,61.703704,3,5491.459,'1920x1200',9,25,men,3
212,52,Cartoons,7.801983,6.488763,1,720,400,1889.555556,13.185185,21.333333,19.703704,10,948.127,'1920x1200',33,26,women,2
213,71,Movies,5.412067,5.33355,0,240,1000,362.111111,30,3,38.333333,2,2198.906,'1366x768',43,26,men,3
214,72,Movies,8.762863,6.855607,1,240,1000,732.222222,29.925926,0,43.518519,1,1283.579,'1920x1200',47,22,women,4
215,32,Documentary,12.654186,8.016249,3,240,200,345.888889,30.333333,0,38.703704,2,1200.661,'1366x768',20,22,men,2
216,12,News,4.738729,4.913904,0,720,400,2719.444444,29.740741,0,43.777778,1,433.458,'1366x768',2,21,men,5
217,83,Games,12.853567,8.065627,3,360,200,833.777778,30.814815,0,53.703704,3,1867.497,'1366x768',61,27,women,4
218,53,Cartoons,9.197309,7.008442,2,144,100,101.111111,1.555556,18.111111,21.814815,0,1111.066,'1920x1200',36,24,women,1
219,51,Cartoons,5.227554,5.223989,0,144,100,73.666667,1.259259,19.333333,21.185185,0,2177.192,'1366x768',31,25,men,1
220,53,Cartoons,9.197309,7.008442,2,720,400,2920,29.703704,1,43.814815,1,603.624,'1920x1200',36,24,women,5
221,33,Documentary,9.539713,7.123893,2,1080,400,1919.222222,16.037037,17.777778,24,7,1009.779,'1920x1200',24,24,men,2
222,13,News,5.411191,5.333039,0,480,400,930.111111,29.592593,0,60.592593,3,1662.154,'1920x1200',6,26,men,3
223,22,Sports,18.991296,9.298579,3,144,100,89.777778,0.740741,23.111111,21.777778,0,10763.631,'1920x1200',13,26,men,1
224,22,Sports,18.991296,9.298579,3,240,200,171.111111,28.814815,0,36.777778,2.333333,2035.548,'1920x1200',13,26,men,2
225,31,Documentary,5.395673,5.323968,0,720,400,1264.444444,12.37037,5.777778,17.962963,16,1086.772,'1920x1200',19,27,women,2
226,83,Games,12.853567,8.065627,3,360,200,427.777778,29.925926,0,61.925926,2,706.033,'1366x768',61,27,women,5
227,12,News,4.738729,4.913904,0,144,200,102.333333,10,0,21.925926,0,757.89,'1366x768',3,25,men,1
228,32,Documentary,12.654186,8.016249,3,360,200,505.444444,29.592593,0,61.555556,3,2831.149,'1366x768',21,25,men,4
229,13,News,5.411191,5.333039,0,240,200,334.888889,30,0,38.333333,2,645.041,'1920x1200',6,26,men,2
230,53,Cartoons,9.197309,7.008442,2,360,200,1019,29.962963,0,76.333333,3,955.136,'1920x1200',36,24,women,4
231,71,Movies,5.412067,5.33355,0,240,1000,398.333333,30,0,38.333333,2,1633.052,'1366x768',43,26,men,3
232,71,Movies,5.412067,5.33355,0,360,200,1111.666667,30.222222,0,61.555556,3,1505.682,'1366x768',43,26,men,5
233,32,Documentary,12.654186,8.016249,3,144,100,79.555556,0.740741,19.555556,21.777778,0,1585.432,'1366x768',21,25,men,1
234,81,Games,12.242662,7.911825,2,360,400,948.777778,29.444444,0,51.740741,3,1211.685,'1366x768',53,26,women,3
235,73,Movies,6.422284,5.874106,0,360,200,1325,0,0,0,3,834.876,'1920x1200',51,25,men,1
236,82,Games,10.224899,7.342975,2,360,200,2699,0,0,0,0,734.202,'1920x1200',58,28,women,1
237,13,News,5.411191,5.333039,0,480,400,2566.888889,30.074074,0,43.851852,1,2012.122,'1920x1200',7,21,women,4
238,32,Documentary,12.654186,8.016249,3,1080,2000,1002.333333,30.037037,0,43.296296,1,1804.985,'1366x768',21,25,men,5
239,13,News,5.411191,5.333039,0,480,400,1020.888889,29.962963,0,76.333333,3,1147.603,'1920x1200',7,21,women,3
240,33,Documentary,9.539713,7.123893,2,240,1000,358.888889,30,0,38.37037,2,575.723,'1920x1200',24,24,men,3
241,33,Documentary,9.539713,7.123893,2,720,400,1354.222222,12.259259,15,18.296296,13,1271.3,'1920x1200',24,24,men,2
242,53,Cartoons,9.197309,7.008442,2,240,200,450.777778,30,0,38.37037,2,1189.182,'1920x1200',36,24,women,3
243,72,Movies,8.762863,6.855607,1,240,200,299.777778,30,0,38.333333,4,2482.318,'1920x1200',47,22,women,3
244,43,Music,8.638524,6.810469,1,1080,400,3350.111111,30.481481,0,44.037037,1,1567.189,'1920x1200',29,29,men,3
245,43,Music,8.638524,6.810469,1,1080,1000,2203.222222,13.666667,17.555556,20.259259,8,1116.289,'1920x1200',29,29,men,2
246,21,Sports,17.373651,9.01739,3,144,100,82.777778,0.851852,18.222222,21.555556,0,2171.632,'1920x1200',9,25,men,1
247,11,News,5.209322,5.212954,0,144,100,82,1.222222,18.222222,21.851852,0,755.893,'1920x1200',1,25,men,1
248,23,Sports,9.884659,7.236085,2,720,400,3144.555556,29.740741,0,43.296296,2,1790.58,'1920x1200',15,30,women,4
249,83,Games,12.853567,8.065627,3,360,200,574.777778,29.925926,0,60.814815,3,828.347,'1366x768',61,27,women,5
250,71,Movies,5.412067,5.33355,0,360,200,783,29.925926,0,65.62963,2,726.874,'1366x768',44,23,men,3
251,21,Sports,17.373651,9.01739,3,240,200,312.777778,30,0,38.296296,2,1658.306,'1920x1200',9,25,men,2
252,22,Sports,18.991296,9.298579,3,480,400,2498,0,0,0,3,4856.1236,'1920x1200',13,26,men,1
253,73,Movies,6.422284,5.874106,0,360,200,880.444444,29.925926,0,52.074074,3,784.114,'1920x1200',51,25,men,4
254,11,News,5.209322,5.212954,0,360,800,836.222222,29.777778,0,57.62963,2,505.855,'1920x1200',1,25,men,3
255,41,Music,12.175866,7.894544,2,480,400,782.222222,29.740741,0,53.740741,2,992.395,'1366x768',26,36,men,4
256,72,Movies,8.762863,6.855607,1,144,100,95.444444,1.222222,18.222222,21.851852,0,899.71,'1920x1200',47,22,women,1
258,32,Documentary,12.654186,8.016249,3,360,200,517.888889,30.592593,0,62.185185,3,1387.509,'1366x768',21,25,men,5
259,83,Games,12.853567,8.065627,3,360,800,464.444444,29.925926,0,62.148148,3,2226.543,'1920x1200',62,24,men,4
260,12,News,4.738729,4.913904,0,720,400,425.888889,28.62963,0,42.296296,1,592.767,'1366x768',3,25,men,4
261,81,Games,12.242662,7.911825,2,360,200,733.444444,31.074074,0,55.444444,2,1742.774,'1920x1200',54,25,men,4
262,11,News,5.209322,5.212954,0,360,400,1026,29.148148,0,42.37037,2,1279.205,'1920x1200',1,25,men,4
263,53,Cartoons,9.197309,7.008442,2,480,400,647.555556,0,1,51.185185,13,1256.507,'1920x1200',36,24,women,2
264,62,Lessons,1.94143,2.095431,0,360,200,938.555556,29.555556,0,44.851852,3,3283.084,'1920x1200',39,20,men,4
265,83,Games,12.853567,8.065627,3,360,200,1137,0,0,0,3,649.061,'1920x1200',62,24,men,1
266,43,Music,8.638524,6.810469,1,240,200,310.777778,30,0,38.333333,4,816.048,'1920x1200',29,29,men,2
267,73,Movies,6.422284,5.874106,0,360,400,2762,0,0,0,3,630.41,'1920x1200',51,25,men,1
268,12,News,4.738729,4.913904,0,480,400,645,29.962963,0,59.259259,2,993.629,'1366x768',3,25,men,3
269,52,Cartoons,7.801983,6.488763,1,360,200,768.777778,29.740741,0,54,2,2754.328,'1920x1200',33,26,women,4
270,52,Cartoons,7.801983,6.488763,1,360,200,917.111111,29.777778,0,52.259259,3,1077.031,'1920x1200',33,26,women,3
271,32,Documentary,12.654186,8.016249,3,360,200,448,0,0,0,3,423.093,'1366x768',21,25,men,1
272,52,Cartoons,7.801983,6.488763,1,240,200,317.555556,30,0,38.37037,2,1037.752,'1920x1200',34,20,men,3
273,83,Games,12.853567,8.065627,3,360,200,356,0,0,0,3,2683.801,'1920x1200',62,24,men,1
274,22,Sports,18.991296,9.298579,3,480,400,108,0,1,0,2,4896.5423,'1920x1200',13,26,men,1
275,83,Games,12.853567,8.065627,3,360,800,705.666667,29.740741,0,53.666667,2,1061.65,'1920x1200',62,24,men,4
276,72,Movies,8.762863,6.855607,1,1080,1000,2800.111111,29.777778,0,43.703704,1,1194.661,'1920x1200',47,22,women,4
277,71,Movies,5.412067,5.33355,0,240,200,186.333333,30,0,38.37037,2,952.543,'1366x768',44,23,men,1
279,82,Games,10.224899,7.342975,2,360,200,1084.333333,29.555556,0,67.851852,3,1190.065,'1920x1200',59,23,women,3
280,52,Cartoons,7.801983,6.488763,1,1080,2000,2978.222222,30.074074,1,44.037037,1,1449.972,'1920x1200',34,20,men,5
281,73,Movies,6.422284,5.874106,0,360,200,3410,0,0,0,3,519.326,'1920x1200',51,25,men,1
282,32,Documentary,12.654186,8.016249,3,144,100,84.888889,1.37037,17.444444,21.851852,0,2423.018,'1920x1200',22,23,men,1
283,63,Lessons,2.1826,2.465266,0,480,400,461,0,0,0,3,451.599,'1366x768',42,28,men,1
284,21,Sports,17.373651,9.01739,3,360,200,2701,1.148148,0,1.666667,2,813.978,'1920x1200',9,25,men,1
285,72,Movies,8.762863,6.855607,1,360,200,567,0,0,0,3,659.131,'1920x1200',47,22,women,1
286,51,Cartoons,5.227554,5.223989,0,480,400,1193.111111,29.62963,0,60.259259,3,1208.672,'1366x768',32,23,men,4
287,21,Sports,17.373651,9.01739,3,720,400,2964,28.962963,4.777778,43.296296,11.888889,2480.13,'1920x1200',9,25,men,3
288,13,News,5.411191,5.333039,0,1080,1000,3318.777778,29.777778,0,43.703704,1,1082.026,'1920x1200',7,21,women,5
290,82,Games,10.224899,7.342975,2,360,200,1071.666667,30.925926,0,57.518519,3,1735.075,'1920x1200',59,23,women,4
291,63,Lessons,2.1826,2.465266,0,240,1000,377.444444,30.148148,0,38.481481,2,1233.083,'1366x768',42,28,men,3
292,23,Sports,9.884659,7.236085,2,480,400,310.111111,31.074074,0,61.703704,3,2181.749,'1920x1200',15,30,women,4
293,13,News,5.411191,5.333039,0,144,100,90.888889,1.222222,18.222222,21.851852,0,921.844,'1920x1200',7,21,women,1
294,22,Sports,18.991296,9.298579,3,480,400,886.111111,29.592593,0,45.185185,3,2662.923,'1920x1200',13,26,men,3
295,52,Cartoons,7.801983,6.488763,1,720,400,1894.555556,15.074074,33.777778,22.666667,11,1208.533,'1920x1200',34,20,men,1
296,71,Movies,5.412067,5.33355,0,720,400,1583,30.111111,0,44.037037,1,1309.645,'1366x768',44,23,men,4
297,53,Cartoons,9.197309,7.008442,2,720,1000,1789.555556,30.444444,0,44.037037,1,1444.747,'1920x1200',36,24,women,5
298,22,Sports,18.991296,9.298579,3,720,400,1830.777778,29.814815,0,43.62963,1,1904.222,'1920x1200',13,26,men,4
299,72,Movies,8.762863,6.855607,1,720,400,1724.888889,30.074074,1,43.962963,5,2402.968,'1920x1200',47,22,women,4
300,23,Sports,9.884659,7.236085,2,144,100,77.222222,0.740741,23.111111,21.777778,0,1832.299,'1366x768',16,22,men,1
301,41,Music,12.175866,7.894544,2,240,400,303.222222,30.555556,0,39,2,1101.202,'1366x768',26,36,men,2
302,43,Music,8.638524,6.810469,1,360,200,1064.666667,25.555556,0,52.851852,3,1478.226,'1366x768',30,21,men,3
303,63,Lessons,2.1826,2.465266,0,144,100,102.777778,1.444444,20.888889,21.814815,0,1523.691,'1366x768',42,28,men,1
304,53,Cartoons,9.197309,7.008442,2,720,400,1692.666667,13.518519,26.888889,21.037037,14,1131.684,'1920x1200',36,24,women,1
305,43,Music,8.638524,6.810469,1,480,400,886.777778,30.888889,0,66.555556,3,1524.568,'1366x768',30,21,men,4
306,43,Music,8.638524,6.810469,1,1080,1000,3210.777778,29.777778,0,43.666667,1,1301.012,'1366x768',30,21,men,4
307,13,News,5.411191,5.333039,0,720,400,2899.111111,29.925926,0,43.407407,1,1247.004,'1920x1200',7,21,women,4
308,13,News,5.411191,5.333039,0,720,400,1372.222222,29.925926,0,43.518519,1,1235.987,'1920x1200',7,21,women,4
313,12,News,4.738729,4.913904,0,1080,1000,2638.555556,29.777778,0,43.703704,1,1285.927,'1366x768',3,25,men,5
314,41,Music,12.175866,7.894544,2,360,200,635.333333,29.925926,0,59.777778,2,851.413,'1366x768',26,36,men,3
315,73,Movies,6.422284,5.874106,0,360,200,869.111111,30.888889,0,66.555556,3,1843.98,'1920x1200',51,25,men,5
316,62,Lessons,1.94143,2.095431,0,720,400,1402,29.740741,0,43.777778,1,792.093,'1920x1200',39,20,men,4
317,32,Documentary,12.654186,8.016249,3,480,1000,1583,28.666667,0,42.185185,1,1250.596,'1920x1200',22,23,men,5
318,62,Lessons,1.94143,2.095431,0,720,400,1707.333333,30.111111,0,44.037037,1,1354.519,'1920x1200',39,20,men,4
319,31,Documentary,5.395673,5.323968,0,360,200,2718,0,0,0,3,710.99,'1920x1200',19,27,women,1
320,33,Documentary,9.539713,7.123893,2,240,200,412.111111,30.222222,0,38.592593,2,1195.578,'1920x1200',24,24,men,3
321,22,Sports,18.991296,9.298579,3,480,400,1331,0,0,0,3,1095.364,'1920x1200',13,26,men,1
322,81,Games,12.242662,7.911825,2,360,200,442.111111,29.592593,0,64.296296,3,4034.873,'1920x1200',54,25,men,3
323,81,Games,12.242662,7.911825,2,360,200,1729,0,0,0,2,640.158,'1920x1200',54,25,men,1
324,73,Movies,6.422284,5.874106,0,360,200,1204,0,0,0,3,1014.255,'1920x1200',51,25,men,1
325,22,Sports,18.991296,9.298579,3,240,200,368.555556,30,0,38.296296,2,1599.821,'1920x1200',13,26,men,3
326,71,Movies,5.412067,5.33355,0,720,400,1724.888889,30.037037,2,44.037037,5,2226.788,'1366x768',44,23,men,2
327,21,Sports,17.373651,9.01739,3,240,200,356.555556,30,0,38.296296,2,1637.634,'1920x1200',9,25,men,2
328,32,Documentary,12.654186,8.016249,3,360,200,377,0,1,5.740741,5,790.851,'1920x1200',22,23,men,2
329,52,Cartoons,7.801983,6.488763,1,720,400,2940.111111,28.407407,1,41.592593,3,1052.865,'1920x1200',34,20,men,5
330,12,News,4.738729,4.913904,0,360,800,821.555556,29.888889,0,51.814815,3,831.951,'1366x768',3,25,men,4
331,51,Cartoons,5.227554,5.223989,0,240,200,298.222222,30,0,38.37037,2,767.408,'1366x768',32,23,men,3
332,73,Movies,6.422284,5.874106,0,360,400,1003,0,1,0,3,653.327,'1920x1200',52,29,men,1
333,82,Games,10.224899,7.342975,2,360,200,444.777778,29.592593,0,60.333333,2,1528.741,'1920x1200',59,23,women,5
334,72,Movies,8.762863,6.855607,1,1080,1000,384,29.925926,0,43.481481,1,1207.151,'1920x1200',48,25,men,5
335,71,Movies,5.412067,5.33355,0,144,100,86.333333,1.074074,20.888889,21.925926,0,948.767,'1366x768',44,23,men,1
336,12,News,4.738729,4.913904,0,480,400,759.111111,30.555556,0,66.851852,2,1391.509,'1366x768',3,25,men,3
337,83,Games,12.853567,8.065627,3,360,200,364.111111,29.925926,0,61.925926,2,1062.338,'1920x1200',62,24,men,5
338,52,Cartoons,7.801983,6.488763,1,480,400,616.444444,30.148148,0.888889,68.481481,2,5469.27,'1920x1200',34,20,men,2
339,43,Music,8.638524,6.810469,1,720,400,3209.666667,28.518519,1,42.222222,3,1105.597,'1366x768',30,21,men,4
340,72,Movies,8.762863,6.855607,1,1080,1000,3299.333333,29.888889,0,43.518519,1,1515.705,'1920x1200',48,25,men,5
341,11,News,5.209322,5.212954,0,144,400,66.444444,9.62963,0,20.851852,0,763.115,'1920x1200',1,25,men,1
342,32,Documentary,12.654186,8.016249,3,480,400,821.444444,29.407407,0,42.259259,3,2740.855,'1920x1200',22,23,men,4
343,22,Sports,18.991296,9.298579,3,1080,1000,2433.222222,29.888889,0,43.481481,2,2628.942,'1920x1200',13,26,men,5
344,12,News,4.738729,4.913904,0,1080,2000,418.888889,30.037037,0,60.222222,3,720.483,'1366x768',3,25,men,4
345,51,Cartoons,5.227554,5.223989,0,720,400,2484.444444,28.666667,1,42.185185,2,2139.924,'1366x768',32,23,men,5
346,82,Games,10.224899,7.342975,2,360,200,1402,0,0,0,2,1239.62,'1920x1200',59,23,women,1
347,33,Documentary,9.539713,7.123893,2,720,400,2740.666667,30,3,44.037037,4,3001.12,'1920x1200',25,26,men,4
348,51,Cartoons,5.227554,5.223989,0,144,100,93.444444,1.074074,20.888889,21.888889,0,2998.096,'1366x768',32,23,men,1
349,73,Movies,6.422284,5.874106,0,360,200,866.333333,30.37037,0,58.703704,2,1710.413,'1920x1200',52,29,men,4
350,21,Sports,17.373651,9.01739,3,720,400,3244.222222,29.814815,3,43.185185,3,2100.366,'1920x1200',10,27,men,2
351,72,Movies,8.762863,6.855607,1,720,400,1846,15.555556,23.333333,22.851852,9,4235.0251,'1920x1200',48,25,men,2
352,21,Sports,17.373651,9.01739,3,144,100,89.222222,1.074074,20.888889,21.888889,0,3146.343,'1920x1200',10,27,men,1
353,21,Sports,17.373651,9.01739,3,720,400,1449.666667,29.777778,1,43.703704,2,1410.585,'1920x1200',10,27,men,3
354,42,Music,0.854643,-0.496113,0,360,200,968.111111,30.148148,0,80.296296,3,1672.957,'1920x1200',29,29,men,3
355,41,Music,12.175866,7.894544,2,720,400,3318.777778,29.703704,0,43.814815,1,918.402,'1366x768',27,28,women,4
356,13,News,5.411191,5.333039,0,720,400,1718.666667,29.888889,0,43.555556,1,1080.985,'1920x1200',7,21,women,4
357,83,Games,12.853567,8.065627,3,360,200,444.777778,30.925926,0,62.962963,2,1727.351,'1920x1200',62,24,men,5
358,62,Lessons,1.94143,2.095431,0,240,800,356.555556,30,0,38.333333,2,1468.78,'1920x1200',39,20,men,3
359,31,Documentary,5.395673,5.323968,0,480,400,303,28.703704,0,56.407407,3,1373.406,'1920x1200',19,27,women,4
360,31,Documentary,5.395673,5.323968,0,360,200,789.888889,29.814815,0,53.62963,2,1741.711,'1920x1200',19,27,women,4
361,51,Cartoons,5.227554,5.223989,0,240,200,186.333333,30,0,38.333333,2,1000.773,'1366x768',32,23,men,3
362,43,Music,8.638524,6.810469,1,480,400,703.888889,29.814815,0,54.111111,2,2880.752,'1366x768',30,21,men,3
363,73,Movies,6.422284,5.874106,0,360,200,921,0,1,0,4,585.337,'1366x768',52,29,men,1
364,43,Music,8.638524,6.810469,1,720,400,3318.777778,29.777778,0,43.703704,1,873.911,'1366x768',30,21,men,4
366,42,Music,0.854643,-0.496113,0,144,400,95,9.962963,0,21.925926,0,699.332,'1920x1200',29,29,men,2
367,12,News,4.738729,4.913904,0,1080,2000,1491.777778,30.037037,0,43.222222,1,1031.079,'1366x768',4,21,women,5
368,63,Lessons,2.1826,2.465266,0,1080,1000,3355,29.703704,0,43.814815,1,632.808,'1366x768',42,28,men,5
369,42,Music,0.854643,-0.496113,0,1080,400,3193.777778,29.148148,3.888889,42.333333,11.888889,1222.426,'1920x1200',29,29,men,2
370,43,Music,8.638524,6.810469,1,240,200,171.111111,30,0,38.333333,4,1262.747,'1366x768',30,21,men,1
371,21,Sports,17.373651,9.01739,3,360,800,792.666667,29.851852,0,51.814815,3,2007.592,'1920x1200',10,27,men,4
373,22,Sports,18.991296,9.298579,3,1080,1000,1869.666667,29.925926,0,43.481481,1,1676.58,'1920x1200',13,26,men,4
374,43,Music,8.638524,6.810469,1,360,200,1017.444444,29.962963,0,76.333333,3,1000.505,'1366x768',30,21,men,4
375,31,Documentary,5.395673,5.323968,0,360,200,841.333333,29.777778,0,64.592593,2,2073.572,'1920x1200',19,27,women,4
376,32,Documentary,12.654186,8.016249,3,480,400,618,29.888889,0,57.592593,2,2340.796,'1920x1200',22,23,men,4
377,63,Lessons,2.1826,2.465266,0,1080,1000,1555.888889,24.592593,13.111111,36.962963,11.444444,3801.402,'1366x768',43,26,men,2
378,23,Sports,9.884659,7.236085,2,360,200,209.333333,29.888889,0,69.185185,2,2007.445,'1366x768',16,22,men,2
379,23,Sports,9.884659,7.236085,2,144,100,80.222222,0.740741,23.111111,21.777778,0,1765.591,'1366x768',16,22,men,2
380,73,Movies,6.422284,5.874106,0,360,200,1004,0,0,0,3,644.603,'1366x768',52,29,men,1
382,23,Sports,9.884659,7.236085,2,240,200,374.777778,30.185185,0,38.518519,2,3288.473,'1366x768',16,22,men,2
383,23,Sports,9.884659,7.236085,2,720,400,1172.888889,12.481481,14.666667,19.148148,11,1113.347,'1366x768',16,22,men,2
384,73,Movies,6.422284,5.874106,0,360,400,592.777778,30.555556,0,54,2,3078.702,'1366x768',52,29,men,3
385,11,News,5.209322,5.212954,0,240,1000,387.444444,29.962963,0,38.333333,2,502.407,'1920x1200',1,25,men,2
386,12,News,4.738729,4.913904,0,480,1000,1809.444444,30,0,43.814815,1,730.384,'1366x768',4,21,women,5
387,32,Documentary,12.654186,8.016249,3,1080,2000,3065.555556,29.777778,0,43.666667,1,2443.975,'1920x1200',22,23,men,5
388,62,Lessons,1.94143,2.095431,0,480,400,464,0,0,0,3,969.01,'1920x1200',39,20,men,1
389,13,News,5.411191,5.333039,0,360,200,993.666667,29.814815,0,54.296296,3,1266.04,'1920x1200',7,21,women,4
390,33,Documentary,9.539713,7.123893,2,480,400,1978,0,1,0,4,1098.124,'1920x1200',25,26,men,1
391,22,Sports,18.991296,9.298579,3,720,400,2566.111111,29.888889,0,43.481481,2,2367.49,'1920x1200',13,26,men,4
392,62,Lessons,1.94143,2.095431,0,144,400,95.444444,9.962963,0,21.925926,0,1004.293,'1920x1200',39,20,men,1
393,71,Movies,5.412067,5.33355,0,240,200,314.222222,30,0,38.333333,2,1687.933,'1366x768',44,23,men,1
394,11,News,5.209322,5.212954,0,144,200,78.777778,10,1,21.888889,0,545.928,'1920x1200',1,25,men,1
395,52,Cartoons,7.801983,6.488763,1,144,100,89.555556,0.740741,21.555556,21.555556,0,1946.467,'1920x1200',35,22,men,1
396,41,Music,12.175866,7.894544,2,720,1000,1809.222222,30.074074,0,43.925926,1,1262.996,'1366x768',27,28,women,4
397,32,Documentary,12.654186,8.016249,3,720,400,1446.111111,29.925926,0,43.481481,1,1677.407,'1920x1200',23,26,women,5
398,63,Lessons,2.1826,2.465266,0,720,400,1920.111111,15.444444,19.888889,24,15,1094.036,'1366x768',43,26,men,2
399,63,Lessons,2.1826,2.465266,0,720,400,2161.444444,26.777778,6.444444,40.111111,13.222222,1994.361,'1366x768',43,26,men,4
400,22,Sports,18.991296,9.298579,3,720,400,1173.333333,29.925926,0,43.407407,1,1850.402,'1920x1200',13,26,men,5
401,12,News,4.738729,4.913904,0,240,200,349,30,0,38.333333,2,424.031,'1366x768',4,21,women,2
402,71,Movies,5.412067,5.33355,0,480,400,2252,0,0,0,3,1045.441,'1366x768',44,23,men,3
403,33,Documentary,9.539713,7.123893,2,1080,1000,1869.666667,29.925926,0,43.444444,1,1407.302,'1920x1200',25,26,men,5
404,53,Cartoons,9.197309,7.008442,2,144,100,84.777778,1.074074,20.888889,21.888889,0,2544.04,'1920x1200',36,24,women,2
405,41,Music,12.175866,7.894544,2,360,200,287,0,0,0,3,1197.205,'1366x768',27,28,women,1
406,73,Movies,6.422284,5.874106,0,360,200,2300,0,0,0,3,835.721,'1366x768',52,29,men,1
407,81,Games,12.242662,7.911825,2,360,200,1002.333333,30.037037,0,43.296296,1,1588.249,'1920x1200',54,25,men,5
408,72,Movies,8.762863,6.855607,1,480,400,941,29.62963,0,44.962963,3,3056.192,'1920x1200',48,25,men,3
409,82,Games,10.224899,7.342975,2,360,200,505.666667,29.592593,0,0,0,2259.87,'1920x1200',59,23,women,2
410,13,News,5.411191,5.333039,0,144,200,92.555556,10.037037,1,22.148148,0,1338.601,'1920x1200',8,24,men,1
411,11,News,5.209322,5.212954,0,240,400,156.333333,30,0,38.333333,2,575.636,'1920x1200',1,25,men,2
412,22,Sports,18.991296,9.298579,3,1080,1000,1204.888889,30.074074,0,44.037037,2,1335.978,'1920x1200',13,26,men,5
413,71,Movies,5.412067,5.33355,0,480,800,806.555556,29.777778,0,53.666667,2,671.528,'1366x768',44,23,men,4
414,21,Sports,17.373651,9.01739,3,240,200,317.333333,30,0,38.296296,2,1708.293,'1920x1200',10,27,men,2
415,81,Games,12.242662,7.911825,2,360,200,934.111111,29.555556,0,70.185185,3,1834.702,'1920x1200',54,25,men,4
416,11,News,5.209322,5.212954,0,480,1000,1302.444444,30,0,60.666667,3,599.172,'1920x1200',1,25,men,4
417,81,Games,12.242662,7.911825,2,360,200,1454,0,0,0,2,1015.641,'1920x1200',55,22,women,1
418,43,Music,8.638524,6.810469,1,720,400,2687.555556,29.777778,0,43.703704,1,658.218,'1366x768',30,21,men,4
419,32,Documentary,12.654186,8.016249,3,144,100,111.555556,1.222222,18.222222,21.851852,0,982.608,'1920x1200',23,26,women,1
420,12,News,4.738729,4.913904,0,480,400,919.888889,29.925926,0,65.62963,2,574.033,'1366x768',4,21,women,4
421,72,Movies,8.762863,6.855607,1,1080,1000,1414.555556,29.814815,0,43.62963,1,2029.11,'1920x1200',48,25,men,5
422,51,Cartoons,5.227554,5.223989,0,720,400,1751.222222,29.814815,2,43.962963,4,2919.811,'1366x768',32,23,men,5
423,23,Sports,9.884659,7.236085,2,720,400,2012.444444,30,0,43.407407,1,1332.923,'1366x768',16,22,men,5
424,73,Movies,6.422284,5.874106,0,360,800,985.222222,30.333333,0,76.333333,3,1778.228,'1366x768',53,26,women,3
425,71,Movies,5.412067,5.33355,0,144,100,79.555556,0.740741,21.555556,21.555556,0,1816.789,'1366x768',44,23,men,1
426,52,Cartoons,7.801983,6.488763,1,1080,1000,734.111111,31.148148,0,55.592593,2,1861.49,'1920x1200',35,22,men,4
427,73,Movies,6.422284,5.874106,0,360,200,810.555556,29.925926,0,52.074074,3,775.282,'1366x768',53,26,women,4
428,73,Movies,6.422284,5.874106,0,360,200,1399,0,0,0,2,1040.96,'1366x768',53,26,women,1
429,62,Lessons,1.94143,2.095431,0,480,800,904.444444,29.925926,1,63.481481,3,2861.848,'1920x1200',39,20,men,4
430,72,Movies,8.762863,6.855607,1,360,200,767,0,0,0,2,533.909,'1920x1200',49,24,men,1
434,82,Games,10.224899,7.342975,2,360,200,985,0,0,0,3,1376.622,'1920x1200',60,20,men,1
435,63,Lessons,2.1826,2.465266,0,720,400,3318.666667,29.740741,0,43.777778,1,876.498,'1366x768',43,26,men,5
436,73,Movies,6.422284,5.874106,0,360,400,1017.888889,30.333333,0,76.333333,3,1595.594,'1366x768',53,26,women,4
437,13,News,5.411191,5.333039,0,240,200,344.666667,30.185185,0,38.518519,2,1815.129,'1920x1200',8,24,men,1
438,62,Lessons,1.94143,2.095431,0,1080,400,863.777778,31.444444,0,69.185185,3,1451.494,'1366x768',40,26,men,2
439,41,Music,12.175866,7.894544,2,240,400,339.666667,30,0,38.333333,2,2890.385,'1366x768',27,28,women,2
440,43,Music,8.638524,6.810469,1,720,400,3146.222222,29.851852,2.333333,43.62963,1,1485.352,'1366x768',31,25,men,4
441,73,Movies,6.422284,5.874106,0,360,200,984.888889,29.777778,0,52.259259,3,1261.429,'1366x768',53,26,women,2
442,31,Documentary,5.395673,5.323968,0,480,400,580,0,0,0,2,746.503,'1920x1200',19,27,women,1
443,71,Movies,5.412067,5.33355,0,720,400,2146.333333,30.074074,0,44.037037,1,1170.338,'1366x768',44,23,men,5
444,71,Movies,5.412067,5.33355,0,360,200,895.888889,29.925926,1,63.481481,3,2821.01,'1366x768',45,26,women,4
445,41,Music,12.175866,7.894544,2,144,100,103.666667,1.444444,20.888889,21.814815,0,1326.36,'1366x768',27,28,women,1
446,13,News,5.411191,5.333039,0,240,200,314.222222,30,0,38.333333,2,1826.178,'1920x1200',8,24,men,2
447,72,Movies,8.762863,6.855607,1,480,800,1029.333333,29.518519,0,42.888889,2,1203.986,'1920x1200',49,24,men,3
448,31,Documentary,5.395673,5.323968,0,144,100,86.777778,1.074074,20.888889,21.888889,0,1001.522,'1920x1200',19,27,women,2
451,32,Documentary,12.654186,8.016249,3,1080,2000,871.666667,30.259259,0,44.037037,1,1213.04,'1920x1200',23,26,women,5
452,53,Cartoons,9.197309,7.008442,2,144,100,94.888889,1.074074,20.888889,21.888889,0,1038.499,'1920x1200',36,24,women,2
453,23,Sports,9.884659,7.236085,2,480,400,2701,0,0,0,3,689.356,'1366x768',16,22,men,1
454,32,Documentary,12.654186,8.016249,3,480,400,1116.888889,30.296296,0,61.555556,3,1543.019,'1920x1200',23,26,women,4
455,72,Movies,8.762863,6.855607,1,720,400,1392.444444,10.666667,7,15.962963,6.888889,1057.776,'1920x1200',49,24,men,1
456,71,Movies,5.412067,5.33355,0,720,400,2482,29.740741,2,43.814815,2,1858.172,'1366x768',45,26,women,4
457,53,Cartoons,9.197309,7.008442,2,720,400,2761.111111,29.888889,0,43.518519,1,1924.326,'1920x1200',37,31,women,3
458,62,Lessons,1.94143,2.095431,0,1080,400,737,29.740741,0,58,2,2779.669,'1366x768',40,26,men,3
459,71,Movies,5.412067,5.33355,0,144,100,91.555556,1.074074,20.888889,21.888889,0,717.965,'1366x768',45,26,women,1
460,11,News,5.209322,5.212954,0,360,400,650.333333,29.62963,0,59.185185,2,1190.117,'1920x1200',1,25,men,4
461,52,Cartoons,7.801983,6.488763,1,360,200,947.777778,29.888889,0,65.666667,2,1978.932,'1920x1200',35,22,men,3
464,82,Games,10.224899,7.342975,2,360,200,1006,0,0,0,3,622.7,'1920x1200',60,20,men,1
465,51,Cartoons,5.227554,5.223989,0,480,400,580,0,0,0,3,975.405,'1366x768',32,23,men,1
466,51,Cartoons,5.227554,5.223989,0,360,200,2362,0,0,0,3,1278.619,'1366x768',32,23,men,1
468,11,News,5.209322,5.212954,0,720,400,1077.888889,29.925926,0,43.518519,1,1097.9,'1920x1200',1,25,men,5
469,33,Documentary,9.539713,7.123893,2,360,400,632.333333,29.62963,0,57.074074,2,2407.03,'1920x1200',25,26,men,4
470,41,Music,12.175866,7.894544,2,480,400,1861,0,0,0,3,1061.518,'1366x768',27,28,women,1
471,22,Sports,18.991296,9.298579,3,480,400,839.111111,29.814815,0,64.222222,3,2771.956,'1920x1200',14,24,men,3
472,13,News,5.411191,5.333039,0,720,400,2916.444444,30.148148,0,44.037037,1,1226.94,'1920x1200',8,24,men,4
473,63,Lessons,2.1826,2.465266,0,144,400,95.333333,9.962963,0,21.888889,0,512.473,'1366x768',43,26,men,3
474,51,Cartoons,5.227554,5.223989,0,360,200,459,0,0,0,2,1234.802,'1366x768',32,23,men,1
475,83,Games,12.853567,8.065627,3,360,200,727.333333,29.740741,0,53.740741,2,962.757,'1920x1200',62,24,men,4
476,32,Documentary,12.654186,8.016249,3,360,200,902,0,1,0,3,689.529,'1920x1200',23,26,women,1
477,61,Lessons,0.554102,-1.864802,0,240,200,442.222222,30,0,38.333333,2,724.934,'1920x1200',37,31,women,3
482,31,Documentary,5.395673,5.323968,0,144,100,76.888889,1.555556,18.222222,21.814815,0,1547.906,'1920x1200',19,27,women,1
483,31,Documentary,5.395673,5.323968,0,1080,1000,3054.444444,28.851852,0,41.925926,1,3084.272,'1920x1200',19,27,women,4
484,22,Sports,18.991296,9.298579,3,144,100,89.888889,1.555556,18.111111,21.814815,0,1458.915,'1920x1200',14,24,men,1
485,52,Cartoons,7.801983,6.488763,1,360,200,1451,0,0,0,3,1236.361,'1920x1200',35,22,men,2
486,63,Lessons,2.1826,2.465266,0,144,100,98.888889,1.074074,21.888889,21.925926,0,610.096,'1366x768',43,26,men,2
487,51,Cartoons,5.227554,5.223989,0,360,200,471,0,0,0,2,1270.084,'1366x768',32,23,men,1
488,63,Lessons,2.1826,2.465266,0,360,200,893.555556,30.62963,0,53.333333,3,1660.442,'1366x768',43,26,men,5
489,82,Games,10.224899,7.342975,2,360,200,584,0,1,42.259259,13,784.72,'1920x1200',60,20,men,1
490,12,News,4.738729,4.913904,0,144,400,84.444444,9.962963,0,21.925926,0,792.641,'1366x768',4,21,women,1
491,42,Music,0.854643,-0.496113,0,1080,1000,1938.222222,30.074074,1,44.037037,1,1445.493,'1920x1200',29,29,men,3
492,52,Cartoons,7.801983,6.488763,1,720,400,2081.444444,30.148148,0,44.037037,1,1298.506,'1920x1200',35,22,men,5
493,22,Sports,18.991296,9.298579,3,1080,1000,2982.111111,28.740741,1,42.037037,3,1516.2,'1920x1200',14,24,men,4
494,83,Games,12.853567,8.065627,3,360,200,776.555556,30.592593,0,43.888889,3,1054.413,'1920x1200',62,24,men,4
495,53,Cartoons,9.197309,7.008442,2,480,400,3283,29.888889,0,43.518519,1,1547.159,'1920x1200',37,31,women,5
496,33,Documentary,9.539713,7.123893,2,1080,1000,3121.666667,29.703704,0,43.814815,1,954.621,'1920x1200',25,26,men,5
497,61,Lessons,0.554102,-1.864802,0,240,200,323.777778,30,0,38.333333,2,2038.391,'1920x1200',37,31,women,3
499,71,Movies,5.412067,5.33355,0,1080,400,2846.555556,29.518519,1,43.111111,6,1646.916,'1366x768',45,26,women,2
500,73,Movies,6.422284,5.874106,0,360,800,863.111111,29.703704,0,64.592593,2,2161.08,'1366x768',53,26,women,5
501,42,Music,0.854643,-0.496113,0,144,100,103.888889,1.074074,20.888889,20.925926,0,1051.428,'1920x1200',29,29,men,1
502,71,Movies,5.412067,5.33355,0,1080,1000,2552.444444,29.740741,0,43.777778,1,978.865,'1366x768',45,26,women,5
503,12,News,4.738729,4.913904,0,360,1000,836.666667,29.777778,0,53.222222,2,422.669,'1366x768',4,21,women,4
504,81,Games,12.242662,7.911825,2,360,200,516.444444,29.592593,0,60.259259,3,1372.152,'1920x1200',55,22,women,3
505,41,Music,12.175866,7.894544,2,240,400,2375,29.481481,0,42.740741,7,2037.039,'1366x768',27,28,women,3
506,33,Documentary,9.539713,7.123893,2,240,200,366.888889,29.888889,0,38.259259,4,2213.258,'1920x1200',25,26,men,1
507,83,Games,12.853567,8.065627,3,360,200,821.222222,30.777778,0,59.407407,2,4090.707,'1920x1200',62,24,men,3
508,51,Cartoons,5.227554,5.223989,0,480,400,605.888889,31.111111,0,70.37037,2,2728.567,'1920x1200',33,26,women,4
509,83,Games,12.853567,8.065627,3,360,200,868.555556,29.925926,0,52,3,1865.455,'1920x1200',62,24,men,5
512,81,Games,12.242662,7.911825,2,360,200,1108.111111,30,0,60.777778,3,1220.959,'1920x1200',55,22,women,4
513,71,Movies,5.412067,5.33355,0,1080,1000,2467.666667,21.888889,24.111111,32.555556,9,2736.899,'1366x768',45,26,women,2
515,22,Sports,18.991296,9.298579,3,144,100,102,1.444444,20.888889,21.814815,0,1280.083,'1920x1200',14,24,men,1
516,53,Cartoons,9.197309,7.008442,2,1080,2000,2843,29.703704,1,43.814815,1,1093.742,'1920x1200',37,31,women,5
517,52,Cartoons,7.801983,6.488763,1,1080,400,1762.222222,30.074074,0,43.925926,1,1110.417,'1920x1200',35,22,men,3
518,53,Cartoons,9.197309,7.008442,2,360,200,727.333333,29.740741,0,53.740741,2,1012.939,'1920x1200',37,31,women,4
519,81,Games,12.242662,7.911825,2,360,200,982,0,0,0,4,787.318,'1920x1200',55,22,women,1
520,73,Movies,6.422284,5.874106,0,360,200,618.444444,28.777778,0,64.851852,2,1213.933,'1366x768',53,26,women,5
521,23,Sports,9.884659,7.236085,2,360,200,2764,0,0,0,3,686.563,'1366x768',16,22,men,1
522,21,Sports,17.373651,9.01739,3,1080,1000,2012.555556,29.925926,0,43.444444,1,1728.013,'1920x1200',10,27,men,5
523,51,Cartoons,5.227554,5.223989,0,1080,1000,980.333333,9.481481,2.777778,14.37037,5,1034.647,'1920x1200',33,26,women,3
524,13,News,5.411191,5.333039,0,1080,1000,1521,29.777778,0,43.703704,1,975.594,'1920x1200',8,24,men,4
525,21,Sports,17.373651,9.01739,3,144,100,89.111111,0.740741,21.555556,21.555556,0,1817.461,'1920x1200',10,27,men,1
526,22,Sports,18.991296,9.298579,3,240,200,361,30,0,38.333333,2,2266.457,'1920x1200',14,24,men,2
527,82,Games,10.224899,7.342975,2,360,200,785.444444,30.925926,0,47.518519,3,2158.895,'1920x1200',60,20,men,3
528,12,News,4.738729,4.913904,0,360,1000,822.333333,29.888889,0,51.814815,3,1217.759,'1366x768',4,21,women,4
529,71,Movies,5.412067,5.33355,0,144,100,90.555556,1.074074,20.888889,21.925926,0,729.227,'1366x768',45,26,women,1
530,31,Documentary,5.395673,5.323968,0,144,200,90.111111,10,1,21.888889,0,2068.959,'1920x1200',19,27,women,1
531,22,Sports,18.991296,9.298579,3,480,400,892.777778,29.888889,0,65.666667,2,2563.727,'1920x1200',14,24,men,4
532,62,Lessons,1.94143,2.095431,0,144,200,95.777778,10,1,21.666667,0,951.672,'1366x768',40,26,men,1
533,31,Documentary,5.395673,5.323968,0,480,400,2772,0,0,0,3,655.096,'1920x1200',19,27,women,1
534,72,Movies,8.762863,6.855607,1,360,200,928.666667,30.444444,0,60.259259,2,1912.703,'1920x1200',49,24,men,4
535,23,Sports,9.884659,7.236085,2,144,100,104.333333,1.555556,18.111111,21.814815,0,1055.866,'1366x768',16,22,men,1
536,62,Lessons,1.94143,2.095431,0,720,400,3318.777778,28.666667,1,42.222222,1,563.405,'1366x768',41,25,men,3
537,22,Sports,18.991296,9.298579,3,720,400,3187,29.888889,0,43.296296,2,1870.403,'1920x1200',14,24,men,3
538,81,Games,12.242662,7.911825,2,360,800,452.888889,29.888889,0,62.814815,3,2163.4,'1920x1200',55,22,women,5
541,13,News,5.411191,5.333039,0,720,400,1822.888889,28.777778,0,42,1,1883.739,'1920x1200',8,24,men,4
543,33,Documentary,9.539713,7.123893,2,240,200,312.777778,30,0,38.296296,2,1384.107,'1366x768',26,36,men,2
544,72,Movies,8.762863,6.855607,1,240,200,185.222222,30.148148,0,38.481481,2,1296.786,'1920x1200',49,24,men,1
545,31,Documentary,5.395673,5.323968,0,1080,1000,1454.777778,29.740741,1,43.777778,2,1755.823,'1920x1200',19,27,women,4
546,22,Sports,18.991296,9.298579,3,240,200,338.333333,30,0,38.333333,2,2229.419,'1920x1200',14,24,men,2
547,73,Movies,6.422284,5.874106,0,360,200,896.333333,29.851852,0,63.481481,3,790.212,'1366x768',53,26,women,4
548,62,Lessons,1.94143,2.095431,0,240,800,156.333333,30,0,38.333333,2,1877.414,'1366x768',41,23,women,3
549,21,Sports,17.373651,9.01739,3,240,200,358.888889,30,0,38.333333,2,2593.529,'1920x1200',10,27,men,2
550,42,Music,0.854643,-0.496113,0,144,400,82.777778,10,0,21.518519,0,1823.911,'1920x1200',29,29,men,2
551,41,Music,12.175866,7.894544,2,720,400,2843,29.703704,0,43.814815,1,1112.17,'1366x768',27,28,women,4
552,21,Sports,17.373651,9.01739,3,1080,1000,2822.444444,29.925926,4,43.407407,4,1372.002,'1920x1200',11,26,men,5
553,62,Lessons,1.94143,2.095431,0,1080,1000,394.444444,29.814815,0,43.62963,1,1855.355,'1366x768',41,23,women,4
554,72,Movies,8.762863,6.855607,1,480,400,797,29.888889,0,52,3,3351.38,'1920x1200',49,24,men,4
555,53,Cartoons,9.197309,7.008442,2,240,200,306.888889,30,0,38.296296,2,1577.655,'1920x1200',37,31,women,3
556,62,Lessons,1.94143,2.095431,0,1080,1000,3186.888889,29.888889,2,43.296296,3,1633.372,'1366x768',41,23,women,3
557,72,Movies,8.762863,6.855607,1,480,400,197.222222,30.740741,0,70.518519,2,3855.408,'1920x1200',49,24,men,2
558,22,Sports,18.991296,9.298579,3,240,200,322.888889,28.888889,0,36.925926,2,3705.478,'1920x1200',14,24,men,2
559,41,Music,12.175866,7.894544,2,240,1000,388.666667,30.185185,0,38.518519,2,1476.2,'1366x768',27,28,women,3
560,61,Lessons,0.554102,-1.864802,0,1080,1000,1908.222222,12.407407,3.111111,19.481481,14,1523.894,'1920x1200',38,38,men,1
561,62,Lessons,1.94143,2.095431,0,720,400,1602.666667,29.740741,0,43.777778,1,626.026,'1366x768',41,23,women,3
563,72,Movies,8.762863,6.855607,1,720,400,961.222222,5.518519,8.777778,9.703704,6.555556,1005.65,'1920x1200',49,24,men,2
564,33,Documentary,9.539713,7.123893,2,144,400,91.777778,10,0,21.518519,0,1984.668,'1366x768',26,36,men,1
565,73,Movies,6.422284,5.874106,0,360,400,2636,0,0,0,2,646.934,'1366x768',53,26,women,1
566,23,Sports,9.884659,7.236085,2,240,200,364.333333,30,0,38.296296,2,3618.367,'1366x768',16,22,men,1
567,42,Music,0.854643,-0.496113,0,240,400,313,30,0,38.333333,2,768.311,'1920x1200',29,29,men,2
569,42,Music,0.854643,-0.496113,0,1080,1000,2084.888889,25.555556,6.777778,37.296296,9,3663.935,'1920x1200',29,29,men,2
570,63,Lessons,2.1826,2.465266,0,1080,1000,3106.777778,29.925926,0,43.481481,1,1760.658,'1366x768',43,26,men,4
571,31,Documentary,5.395673,5.323968,0,240,200,303.111111,30,0,38.37037,2,1108.264,'1920x1200',19,27,women,2
572,21,Sports,17.373651,9.01739,3,1080,1000,2822.444444,29.851852,0.333333,43.518519,2,1207.852,'1920x1200',11,26,men,5
573,72,Movies,8.762863,6.855607,1,144,400,74.222222,10,0,21.444444,0,1585.09,'1920x1200',49,24,men,2
574,23,Sports,9.884659,7.236085,2,240,200,366.222222,30,0,38.296296,2,2193.024,'1366x768',17,26,men,2
575,53,Cartoons,9.197309,7.008442,2,1080,2000,884.222222,29.925926,0,43.444444,1,1703.875,'1920x1200',37,31,women,5
576,13,News,5.411191,5.333039,0,144,100,88.666667,1.555556,18.111111,21.814815,0,1215.981,'1920x1200',8,24,men,1
577,33,Documentary,9.539713,7.123893,2,720,400,1712.444444,29.888889,0,43.518519,1,1319.647,'1366x768',26,36,men,4
578,43,Music,8.638524,6.810469,1,480,400,886.111111,29.962963,0,75.333333,3,2183.59,'1366x768',31,25,men,3
579,41,Music,12.175866,7.894544,2,240,1000,350.444444,30,0,38.333333,2,1826.748,'1366x768',27,28,women,3
580,81,Games,12.242662,7.911825,2,360,400,2181,0,0,0,3,666.523,'1920x1200',55,22,women,1
582,61,Lessons,0.554102,-1.864802,0,480,400,452,0,0,0,3,707.336,'1920x1200',38,38,men,1
583,12,News,4.738729,4.913904,0,360,1000,1454.888889,30.962963,0,49.555556,3,621.099,'1366x768',4,21,women,3
584,62,Lessons,1.94143,2.095431,0,360,200,841.777778,29.888889,0,64.148148,3,1827.471,'1366x768',41,23,women,4
585,23,Sports,9.884659,7.236085,2,480,400,2645,0,0,0,3,741.629,'1366x768',17,26,men,1
586,81,Games,12.242662,7.911825,2,360,800,955.555556,29.62963,0,45.111111,3,1232.117,'1920x1200',55,22,women,3
587,41,Music,12.175866,7.894544,2,144,400,75.888889,10,0,21.518519,0,1725.186,'1366x768',27,28,women,2
588,32,Documentary,12.654186,8.016249,3,720,400,3534,29.925926,0,43.518519,1,580.354,'1920x1200',23,26,women,5
589,62,Lessons,1.94143,2.095431,0,720,400,1718.666667,29.888889,0,43.592593,1,869.969,'1366x768',41,23,women,4
590,52,Cartoons,7.801983,6.488763,1,144,100,87.666667,0.740741,21.555556,21.555556,0,1727.069,'1920x1200',35,22,men,2
591,72,Movies,8.762863,6.855607,1,720,400,1012.333333,29.740741,0,43.777778,1,3159.56,'1920x1200',49,24,men,5
592,33,Documentary,9.539713,7.123893,2,1080,400,1861.666667,15.925926,25.555556,24,11,1179.973,'1366x768',26,36,men,1
593,72,Movies,8.762863,6.855607,1,720,400,2394.666667,29.851852,2,43.444444,7,2665.427,'1920x1200',50,26,women,3
594,81,Games,12.242662,7.911825,2,360,200,1078.111111,29.592593,0,67.851852,3,1258.436,'1920x1200',55,22,women,3
595,73,Movies,6.422284,5.874106,0,360,200,2738,0,0,0,3,619.211,'1366x768',53,26,women,1
596,62,Lessons,1.94143,2.095431,0,240,800,369.888889,30.518519,0,38.962963,2,1206.059,'1366x768',41,23,women,3
597,43,Music,8.638524,6.810469,1,240,200,341.222222,30.148148,0,38.481481,2,1435.306,'1366x768',31,25,men,2
598,61,Lessons,0.554102,-1.864802,0,240,200,313.111111,30,0,38.333333,2,1465.735,'1920x1200',38,38,men,2
599,72,Movies,8.762863,6.855607,1,240,200,363.444444,30,0,38.37037,2,2841.198,'1920x1200',50,26,women,2
600,52,Cartoons,7.801983,6.488763,1,1080,1000,1797.666667,17.037037,9.333333,26.444444,6.888889,1107.331,'1920x1200',35,22,men,2
601,51,Cartoons,5.227554,5.223989,0,720,400,1579.111111,29.777778,0,43.703704,1,641.099,'1920x1200',33,26,women,4
602,61,Lessons,0.554102,-1.864802,0,240,200,345.111111,30,0,38.333333,2,1285.384,'1920x1200',38,38,men,1
603,62,Lessons,1.94143,2.095431,0,480,400,544.888889,0,1,39.703704,6,774.385,'1366x768',41,23,women,3
604,62,Lessons,1.94143,2.095431,0,240,200,310.444444,30,0,38.296296,2,977.356,'1366x768',42,28,men,2
605,72,Movies,8.762863,6.855607,1,480,400,1014,0,0,0,3,496.878,'1920x1200',50,26,women,1
606,23,Sports,9.884659,7.236085,2,480,400,803.888889,29.814815,0,53.62963,2,2594.638,'1366x768',17,26,men,4
608,73,Movies,6.422284,5.874106,0,360,400,503.333333,29.925926,0,61.592593,3,1181.208,'1366x768',53,26,women,4
609,61,Lessons,0.554102,-1.864802,0,480,400,785.444444,30.925926,0,47.518519,3,1933.276,'1920x1200',38,38,men,5
610,61,Lessons,0.554102,-1.864802,0,480,400,202.666667,29.851852,0,68.555556,2,750.629,'1920x1200',38,38,men,1
611,73,Movies,6.422284,5.874106,0,360,200,1072,0,0,0,2,1047.856,'1366x768',53,26,women,1
612,23,Sports,9.884659,7.236085,2,1080,1000,2969.555556,29.037037,3.888889,43.481481,10.888889,1923.031,'1366x768',17,26,men,2
613,52,Cartoons,7.801983,6.488763,1,240,200,318.444444,30,0,38.333333,4,870.918,'1920x1200',35,22,men,2
614,51,Cartoons,5.227554,5.223989,0,144,100,82.444444,0.740741,21.555556,21.555556,0,3041.451,'1920x1200',33,26,women,2
